
== dev1_JanFeb26
                                 n  fraud  prevalence  baseline_acc  pr_auc  roc_auc  acc@cap  bal_acc@cap  prec@cap  rec@cap  f1@cap  stopped_inr  exposure_inr  net_inr
baseline_all_genuine        1424.0   13.0      0.0091        0.9909   0.009    0.500   0.9909        0.500     0.000    0.000   0.000          0.0       97307.0      0.0
rule_largest_claims_first   1424.0   13.0      0.0091        0.9909   0.076    0.800   0.9403        0.627     0.050    0.308   0.086      62107.0       97307.0  33227.0
rule_newest_partners_first  1424.0   13.0      0.0091        0.9909   0.007    0.332   0.9347        0.472     0.000    0.000   0.000          0.0       97307.0 -30400.0
rule_partner_fraud_history  1424.0   13.0      0.0091        0.9909   0.260    0.925   0.9487        0.860     0.125    0.769   0.215      82986.0       97307.0  56386.0
FINAL_logreg_recency        1424.0   13.0      0.0091        0.9909   0.751    0.927   0.9487        0.860     0.125    0.769   0.215      82986.0       97307.0  56386.0
logreg_unweighted           1424.0   13.0      0.0091        0.9909   0.751    0.927   0.9487        0.860     0.125    0.769   0.215      82986.0       97307.0  56386.0
hgb_recency                 1424.0   13.0      0.0091        0.9909   0.751    0.930   0.9501        0.899     0.138    0.846   0.237      84011.0       97307.0  57791.0
hgb_unweighted              1424.0   13.0      0.0091        0.9909   0.751    0.930   0.9501        0.899     0.138    0.846   0.237      84011.0       97307.0  57791.0

== dev2_MarApr26
                                 n  fraud  prevalence  baseline_acc  pr_auc  roc_auc  acc@cap  bal_acc@cap  prec@cap  rec@cap  f1@cap  stopped_inr  exposure_inr  net_inr
baseline_all_genuine        1447.0   18.0      0.0124        0.9876   0.012    0.500   0.9876        0.500     0.000    0.000   0.000          0.0       93415.0      0.0
rule_largest_claims_first   1447.0   18.0      0.0124        0.9876   0.043    0.683   0.9378        0.585     0.050    0.222   0.082      50698.0       93415.0  21818.0
rule_newest_partners_first  1447.0   18.0      0.0124        0.9876   0.009    0.309   0.9323        0.472     0.000    0.000   0.000          0.0       93415.0 -30400.0
rule_partner_fraud_history  1447.0   18.0      0.0124        0.9876   0.162    0.703   0.9447        0.725     0.112    0.500   0.184      59344.0       93415.0  32364.0
FINAL_logreg_recency        1447.0   18.0      0.0124        0.9876   0.446    0.801   0.9461        0.753     0.125    0.556   0.204      68667.0       93415.0  42067.0
logreg_unweighted           1447.0   18.0      0.0124        0.9876   0.446    0.801   0.9461        0.753     0.125    0.556   0.204      68667.0       93415.0  42067.0
hgb_recency                 1447.0   18.0      0.0124        0.9876   0.518    0.765   0.9461        0.753     0.125    0.556   0.204      63824.0       93415.0  37224.0
hgb_unweighted              1447.0   18.0      0.0124        0.9876   0.518    0.765   0.9461        0.753     0.125    0.556   0.204      63824.0       93415.0  37224.0

== dev3_May26_regime_change
                                n  fraud  prevalence  baseline_acc  pr_auc  roc_auc  acc@cap  bal_acc@cap  prec@cap  rec@cap  f1@cap  stopped_inr  exposure_inr  net_inr
baseline_all_genuine        709.0   14.0      0.0197        0.9803   0.020    0.500   0.9803        0.500       0.0      0.0     0.0          0.0       21450.0      0.0
rule_largest_claims_first   709.0   14.0      0.0197        0.9803   0.025    0.529   0.9238        0.471       0.0      0.0     0.0          0.0       21450.0 -15200.0
rule_newest_partners_first  709.0   14.0      0.0197        0.9803   0.090    0.901   0.9238        0.471       0.0      0.0     0.0          0.0       21450.0 -15200.0
rule_partner_fraud_history  709.0   14.0      0.0197        0.9803   0.030    0.671   0.9238        0.471       0.0      0.0     0.0          0.0       21450.0 -15200.0
FINAL_logreg_recency        709.0   14.0      0.0197        0.9803   0.011    0.111   0.9238        0.471       0.0      0.0     0.0          0.0       21450.0 -15200.0
logreg_unweighted           709.0   14.0      0.0197        0.9803   0.011    0.111   0.9238        0.471       0.0      0.0     0.0          0.0       21450.0 -15200.0
hgb_recency                 709.0   14.0      0.0197        0.9803   0.012    0.167   0.9238        0.471       0.0      0.0     0.0          0.0       21450.0 -15200.0
hgb_unweighted              709.0   14.0      0.0197        0.9803   0.012    0.167   0.9238        0.471       0.0      0.0     0.0          0.0       21450.0 -15200.0

== dev4_lateMay26
                                n  fraud  prevalence  baseline_acc  pr_auc  roc_auc  acc@cap  bal_acc@cap  prec@cap  rec@cap  f1@cap  stopped_inr  exposure_inr  net_inr
baseline_all_genuine        382.0    9.0      0.0236        0.9764   0.024    0.500   0.9764        0.500     0.000    0.000   0.000          0.0       14374.0      0.0
rule_largest_claims_first   382.0    9.0      0.0236        0.9764   0.032    0.568   0.8717        0.446     0.000    0.000   0.000          0.0       14374.0 -15200.0
rule_newest_partners_first  382.0    9.0      0.0236        0.9764   0.115    0.906   0.8927        0.674     0.100    0.444   0.163       5651.0       14374.0  -8029.0
rule_partner_fraud_history  382.0    9.0      0.0236        0.9764   0.035    0.645   0.8717        0.446     0.000    0.000   0.000          0.0       14374.0 -15200.0
FINAL_logreg_recency        382.0    9.0      0.0236        0.9764   0.446    0.980   0.9188        0.958     0.225    1.000   0.367      14374.0       14374.0   2594.0
logreg_unweighted           382.0    9.0      0.0236        0.9764   0.318    0.959   0.9136        0.902     0.200    0.889   0.327      13390.0       14374.0   1230.0
hgb_recency                 382.0    9.0      0.0236        0.9764   0.241    0.868   0.8979        0.731     0.125    0.556   0.204       7226.0       14374.0  -6074.0
hgb_unweighted              382.0    9.0      0.0236        0.9764   0.180    0.884   0.9031        0.788     0.150    0.667   0.245       9221.0       14374.0  -3699.0

== HOLDOUT holdout_Jun26
                                  n  fraud  prevalence  baseline_acc  pr_auc  roc_auc  acc@cap  bal_acc@cap  prec@cap  rec@cap  f1@cap  stopped_inr  exposure_inr  net_inr
baseline_all_genuine          713.0   22.0      0.0309        0.9691   0.031    0.500   0.9691        0.500     0.000    0.000   0.000          0.0       45673.0      0.0
rule_largest_claims_first     713.0   22.0      0.0309        0.9691   0.050    0.461   0.9158        0.495     0.025    0.045   0.032      17866.0       45673.0   3046.0
rule_newest_partners_first    713.0   22.0      0.0309        0.9691   0.200    0.852   0.9243        0.565     0.100    0.182   0.129       5242.0       45673.0  -8438.0
rule_partner_fraud_history    713.0   22.0      0.0309        0.9691   0.092    0.765   0.9271        0.588     0.125    0.227   0.161       8289.0       45673.0  -5011.0
FINAL_logreg_recency          713.0   22.0      0.0309        0.9691   0.529    0.940   0.9523        0.799     0.350    0.636   0.452      20143.0       45673.0  10263.0
logreg_unweighted             713.0   22.0      0.0309        0.9691   0.349    0.923   0.9495        0.776     0.325    0.591   0.419      18938.0       45673.0   8678.0
hgb_recency                   713.0   22.0      0.0309        0.9691   0.428    0.900   0.9495        0.776     0.325    0.591   0.419      18916.0       45673.0   8656.0
hgb_unweighted                713.0   22.0      0.0309        0.9691   0.316    0.906   0.9411        0.706     0.250    0.455   0.323      14480.0       45673.0   3080.0
FINAL_queue_by_expected_loss  713.0   22.0      0.0309        0.9691   0.500    0.943   0.9495        0.776     0.325    0.591   0.419      19304.0       45673.0   9044.0

sensitivity
                           n  fraud  prevalence  baseline_acc  pr_auc  roc_auc  acc@cap  bal_acc@cap  prec@cap  rec@cap  f1@cap  stopped_inr  exposure_inr  net_inr
label_lag_0d           713.0   22.0      0.0309        0.9691   0.568    0.940   0.9551        0.823     0.375    0.682   0.484      20493.0       45673.0  10993.0
label_lag_30d          713.0   22.0      0.0309        0.9691   0.529    0.940   0.9523        0.799     0.350    0.636   0.452      20143.0       45673.0  10263.0
label_lag_60d          713.0   22.0      0.0309        0.9691   0.515    0.940   0.9523        0.799     0.350    0.636   0.452      19494.0       45673.0   9614.0
drop_legacy_zoho_rows  713.0   22.0      0.0309        0.9691   0.564    0.947   0.9551        0.823     0.375    0.682   0.484      21102.0       45673.0  11602.0

bootstrap {'pr_auc': [0.369, 0.696], 'recall_at_capacity': [0.499, 0.833]}

tenure {
 "established_partner": {
  "claims": 607,
  "fraud": 2,
  "fraud_rate": 0.0033,
  "flagged": 0,
  "fraud_caught": 0,
  "recall": 0.0,
  "precision": 0.0
 },
 "new_partner": {
  "claims": 106,
  "fraud": 20,
  "fraud_rate": 0.1887,
  "flagged": 40,
  "fraud_caught": 14,
  "recall": 0.7,
  "precision": 0.35
 }
}

errors   outcome    n  median_amount  share_new_partner  share_auto  share_inspected  mean_partner_frauds  median_score
0      FN    8         1095.0               0.75       0.875            0.125                0.250         0.035
1      FP   26         1629.5               1.00       1.000            0.000                0.346         0.180
2      TN  665         1401.0               0.09       0.753            0.230                0.475         0.000
3      TP   14         1386.5               1.00       1.000            0.000                1.071         0.428

calibration             bin    n  mean_score  fraud_rate
0   [0.0, 0.01)  639      0.0002      0.0047
1  [0.01, 0.03)   15      0.0168      0.0000
2   [0.03, 0.1)   20      0.0588      0.2500
3    [0.1, 0.3)   20      0.1542      0.2500
4    [0.3, 1.0)   19      0.5551      0.4737

thresholds    threshold  accuracy  balanced_accuracy  precision  recall      f1  tp  fp  fn   tn
0       0.05    0.9425             0.8603     0.3208  0.7727  0.4533  17  36   5  655
1       0.10    0.9537             0.8001     0.3590  0.6364  0.4590  14  25   8  666
2       0.20    0.9677             0.7193     0.4762  0.4545  0.4651  10  11  12  680
3       0.30    0.9677             0.6973     0.4737  0.4091  0.4390   9  10  13  681
4       0.50    0.9748             0.6349     0.7500  0.2727  0.4000   6   2  16  689
5       0.70    0.9719             0.5895     0.6667  0.1818  0.2857   4   2  18  689
